6-114.434862,30.464189-114.433252,30.465422|114.430955,30.464539|114.436227,30.466665|114.439505,30.464621|114.426909,30.467441|114.439505,30.464621
1831.0,-76|1832.4,-71|959.0,-85|957.4,-86|1831.6,-87|1834.4,-88
6-114.434860,30.465024-114.430955,30.464539|114.439505,30.465661|114.426909,30.467441|114.433252,30.465422|114.439505,30.464621|114.436227,30.466665
1832.4,-58|1834.0,-65|1831.6,-75|1831.0,-76|1834.4,-76|959.0,-81
5-114.430989,30.464451-114.427469,30.464289|114.426909,30.467441|114.430955,30.464539|114.433252,30.465422|114.436227,30.466665
957.2,-55|1831.6,-65|1832.4,-65|1831.0,-67|959.0,-75
5-114.430986,30.463897-114.426909,30.467441|114.430955,30.464539|114.433252,30.465422|114.427469,30.464289|114.439505,30.465661
1831.6,-67|1832.4,-65|1831.0,-77|957.2,-80|1834.0,-86
5-114.431543,30.462789-114.427469,30.464289|114.426909,30.467441|114.430955,30.464539|114.433252,30.465422|114.436227,30.466665
957.2,-80|1831.6,-81|1832.4,-81|1831.0,-84|959.0,-91
5-114.430703,30.462508-114.426909,30.467441|114.427469,30.464289|114.430955,30.464539|114.433252,30.465422|114.436227,30.466665
1831.6,-58|957.2,-68|1832.4,-71|1831.0,-73|959.0,-79
5-114.430156,30.462230-114.433252,30.465422|114.427469,30.464289|114.436227,30.466665|114.430955,30.464539|114.426909,30.467441
1831.0,-85|957.2,-87|959.0,-88|1832.4,-90|1831.6,-96
4-114.429320,30.461944-114.426909,30.467441|114.427469,30.464289|114.430955,30.464539|114.433252,30.465422
1831.6,-90|957.2,-86|1832.4,-92|1831.0,-98
4-114.428495,30.462226-114.430559,30.464539|114.427469,30.464289|114.426909,30.467441|114.430559,30.464539
1833.8,-77|957.2,-86|1831.6,-94|1830.4,-98
4-114.427108,30.462227-114.427469,30.464289|114.426909,30.467441|114.430559,30.464539|114.425681,30.459897
957.2,-64|1831.6,-66|1833.8,-80|958.2,-85
5-114.427382,30.461392-114.426909,30.467441|114.432840,30.460106|114.425681,30.459897|114.427469,30.464289|114.430559,30.464539
1831.6,-86|1836.0,-83|958.2,-83|957.2,-86|1833.8,-89
6-114.427383,30.460276-114.432840,30.460106|114.425681,30.459897|114.427469,30.464289|114.433252,30.465422|114.426909,30.467441|114.428855,30.455098
1836.0,-93|958.2,-84|957.2,-86|1831.0,-91|1831.6,-91|1832.2,-93
5-114.427655,30.459447-114.432840,30.460106|114.425681,30.459897|114.429773,30.443275|114.428855,30.455098|114.431940,30.446487
1836.0,-86|958.2,-77|1832.8,-82|1832.2,-87|959.2,-89
6-114.428770,30.459445-114.432840,30.460106|114.425681,30.459897|114.428855,30.455098|114.431289,30.454801|114.392303,30.429739|114.429773,30.443275
1836.0,-87|958.2,-85|1832.2,-87|1835.8,-90|957.6,-91|1832.8,-93
5-114.431259,30.459175-114.432840,30.460106|114.425681,30.459897|114.439396,30.456354|114.407340,30.426325|114.431289,30.454801
1836.0,-82|958.2,-82|957.6,-91|958.4,-92|1835.8,-93
5-114.431259,30.459448-114.432840,30.460106|114.425681,30.459897|114.439396,30.456354|114.431289,30.454801|114.430559,30.464539
1836.0,-74|958.2,-76|957.6,-81|1835.8,-92|1833.8,-87
3-114.431543,30.459730-114.426909,30.467441|114.425681,30.459897|114.430955,30.464539
1831.6,-71|958.2,-88|1832.4,-91
2-114.430988,30.461399-114.426909,30.467441|114.430955,30.464539
1831.6,-71|1832.4,-91
6-114.430990,30.462232-114.427469,30.464289|114.430955,30.464539|114.433252,30.465422|114.426909,30.467441|114.421598,30.471044|114.425398,30.473131
957.2,-81|1832.4,-77|1831.0,-79|1831.6,-84|1835.2,-90|1835.6,-91
5-114.432373,30.462509-114.427469,30.464289|114.430955,30.464539|114.426909,30.467441|114.425681,30.459897|114.436227,30.466665
957.2,-93|1832.4,-82|1831.6,-93|958.2,-94|959.0,-94
6-114.432369,30.462786-114.432840,30.460106|114.426909,30.467441|114.427469,30.464289|114.433252,30.465422|114.439505,30.464621|114.436227,30.466665
1836.0,-84|1831.6,-85|957.2,-86|1831.0,-88|957.4,-88|959.0,-89
